Id;Marker;X;Y;Z
0;0;0.222641;0.092221;0.970529
1;0;0.467954;0.0930818;0.878837
2;0;0.092221;0.222641;0.970529
3;0;0.0930818;0.467954;0.878837
4;0;0.549316;0.299534;0.780084
5;0;0.780084;0.299534;0.549316
6;0;0.780084;0.549316;0.299534
7;0;0.549316;0.780084;0.299534
8;0;0.299534;0.780084;0.549316
9;0;0.299534;0.549316;0.780084
10;0;0.878837;0.0930818;0.467954
11;0;0.970529;0.092221;0.222641
12;0;0.970529;0.222641;0.092221
13;0;0.878837;0.467954;0.0930818
14;0;0.467954;0.878837;0.0930818
15;0;0.222641;0.970529;0.092221
16;0;0.0930818;0.878837;0.467954
17;0;0.092221;0.970529;0.222641
18;0;-0.092221;0.222641;0.970529
19;0;-0.0930818;0.467954;0.878837
20;0;-0.222641;0.092221;0.970529
21;0;-0.467954;0.0930818;0.878837
22;0;-0.299534;0.549316;0.780084
23;0;-0.299534;0.780084;0.549316
24;0;-0.549316;0.780084;0.299534
25;0;-0.780084;0.549316;0.299534
26;0;-0.780084;0.299534;0.549316
27;0;-0.549316;0.299534;0.780084
28;0;-0.0930818;0.878837;0.467954
29;0;-0.092221;0.970529;0.222641
30;0;-0.222641;0.970529;0.092221
31;0;-0.467954;0.878837;0.0930818
32;0;-0.878837;0.467954;0.0930818
33;0;-0.970529;0.222641;0.092221
34;0;-0.878837;0.0930818;0.467954
35;0;-0.970529;0.092221;0.222641
36;0;-0.222641;-0.092221;0.970529
37;0;-0.467954;-0.0930818;0.878837
38;0;-0.092221;-0.222641;0.970529
39;0;-0.0930818;-0.467954;0.878837
40;0;-0.549316;-0.299534;0.780084
41;0;-0.780084;-0.299534;0.549316
42;0;-0.780084;-0.549316;0.299534
43;0;-0.549316;-0.780084;0.299534
44;0;-0.299534;-0.780084;0.549316
45;0;-0.299534;-0.549316;0.780084
46;0;-0.878837;-0.0930818;0.467954
47;0;-0.970529;-0.092221;0.222641
48;0;-0.970529;-0.222641;0.092221
49;0;-0.878837;-0.467954;0.0930818
50;0;-0.467954;-0.878837;0.0930818
51;0;-0.222641;-0.970529;0.092221
52;0;-0.0930818;-0.878837;0.467954
53;0;-0.092221;-0.970529;0.222641
54;0;0.092221;-0.222641;0.970529
55;0;0.0930818;-0.467954;0.878837
56;0;0.222641;-0.092221;0.970529
57;0;0.467954;-0.0930818;0.878837
58;0;0.299534;-0.549316;0.780084
59;0;0.299534;-0.780084;0.549316
60;0;0.549316;-0.780084;0.299534
61;0;0.780084;-0.549316;0.299534
62;0;0.780084;-0.299534;0.549316
63;0;0.549316;-0.299534;0.780084
64;0;0.0930818;-0.878837;0.467954
65;0;0.092221;-0.970529;0.222641
66;0;0.222641;-0.970529;0.092221
67;0;0.467954;-0.878837;0.0930818
68;0;0.878837;-0.467954;0.0930818
69;0;0.970529;-0.222641;0.092221
70;0;0.878837;-0.0930818;0.467954
71;0;0.970529;-0.092221;0.222641
72;0;0.092221;0.222641;-0.970529
73;0;0.0930818;0.467954;-0.878837
74;0;0.222641;0.092221;-0.970529
75;0;0.467954;0.0930818;-0.878837
76;0;0.299534;0.549316;-0.780084
77;0;0.299534;0.780084;-0.549316
78;0;0.549316;0.780084;-0.299534
79;0;0.780084;0.549316;-0.299534
80;0;0.780084;0.299534;-0.549316
81;0;0.549316;0.299534;-0.780084
82;0;0.0930818;0.878837;-0.467954
83;0;0.092221;0.970529;-0.222641
84;0;0.222641;0.970529;-0.092221
85;0;0.467954;0.878837;-0.0930818
86;0;0.878837;0.467954;-0.0930818
87;0;0.970529;0.222641;-0.092221
88;0;0.878837;0.0930818;-0.467954
89;0;0.970529;0.092221;-0.222641
90;0;-0.222641;0.092221;-0.970529
91;0;-0.467954;0.0930818;-0.878837
92;0;-0.092221;0.222641;-0.970529
93;0;-0.0930818;0.467954;-0.878837
94;0;-0.549316;0.299534;-0.780084
95;0;-0.780084;0.299534;-0.549316
96;0;-0.780084;0.549316;-0.299534
97;0;-0.549316;0.780084;-0.299534
98;0;-0.299534;0.780084;-0.549316
99;0;-0.299534;0.549316;-0.780084
100;0;-0.878837;0.0930818;-0.467954
101;0;-0.970529;0.092221;-0.222641
102;0;-0.970529;0.222641;-0.092221
103;0;-0.878837;0.467954;-0.0930818
104;0;-0.467954;0.878837;-0.0930818
105;0;-0.222641;0.970529;-0.092221
106;0;-0.0930818;0.878837;-0.467954
107;0;-0.092221;0.970529;-0.222641
108;0;-0.092221;-0.222641;-0.970529
109;0;-0.0930818;-0.467954;-0.878837
110;0;-0.222641;-0.092221;-0.970529
111;0;-0.467954;-0.0930818;-0.878837
112;0;-0.299534;-0.549316;-0.780084
113;0;-0.299534;-0.780084;-0.549316
114;0;-0.549316;-0.780084;-0.299534
115;0;-0.780084;-0.549316;-0.299534
116;0;-0.780084;-0.299534;-0.549316
117;0;-0.549316;-0.299534;-0.780084
118;0;-0.0930818;-0.878837;-0.467954
119;0;-0.092221;-0.970529;-0.222641
120;0;-0.222641;-0.970529;-0.092221
121;0;-0.467954;-0.878837;-0.0930818
122;0;-0.878837;-0.467954;-0.0930818
123;0;-0.970529;-0.222641;-0.092221
124;0;-0.878837;-0.0930818;-0.467954
125;0;-0.970529;-0.092221;-0.222641
126;0;0.222641;-0.092221;-0.970529
127;0;0.467954;-0.0930818;-0.878837
128;0;0.092221;-0.222641;-0.970529
129;0;0.0930818;-0.467954;-0.878837
130;0;0.549316;-0.299534;-0.780084
131;0;0.780084;-0.299534;-0.549316
132;0;0.780084;-0.549316;-0.299534
133;0;0.549316;-0.780084;-0.299534
134;0;0.299534;-0.780084;-0.549316
135;0;0.299534;-0.549316;-0.780084
136;0;0.878837;-0.0930818;-0.467954
137;0;0.970529;-0.092221;-0.222641
138;0;0.970529;-0.222641;-0.092221
139;0;0.878837;-0.467954;-0.0930818
140;0;0.467954;-0.878837;-0.0930818
141;0;0.222641;-0.970529;-0.092221
142;0;0.0930818;-0.878837;-0.467954
143;0;0.092221;-0.970529;-0.222641
