Id;Marker;NumVertici;Vertici...;NumSpigoli;Spigoli...
0;0;8;0;2;18;20;36;38;54;56;8;1;3;27;30;54;57;81;84
1;0;8;1;4;5;10;70;62;63;57;8;2;6;9;15;105;94;95;85
2;0;8;11;12;87;89;137;138;69;71;8;17;18;131;134;206;207;104;106
3;0;8;3;9;8;16;28;23;22;19;8;5;14;13;25;42;35;33;28
4;0;8;6;7;14;85;78;79;86;13;8;10;12;21;128;118;120;129;19
5;0;8;15;17;29;30;105;107;83;84;8;23;26;44;45;158;160;125;126
6;0;6;0;1;4;9;3;2;6;0;2;7;5;4;1
7;0;4;0;1;57;56;4;0;85;86;84
8;0;4;2;3;19;18;4;4;28;29;3
9;0;6;4;5;6;7;8;9;6;6;8;10;11;14;7
10;0;6;5;6;13;12;11;10;6;8;19;20;17;16;9
11;0;6;7;8;16;17;15;14;6;11;13;24;23;22;12
12;0;4;10;11;71;70;4;16;106;107;15
13;0;4;12;13;86;87;4;20;129;130;18
14;0;4;14;15;84;85;4;22;126;127;21
15;0;4;16;17;29;28;4;24;26;43;25
16;0;8;21;27;26;34;46;41;40;37;8;32;41;40;52;69;62;60;55
17;0;8;24;25;32;103;96;97;104;31;8;37;39;48;155;145;147;156;46
18;0;8;33;35;47;48;123;125;101;102;8;50;53;71;72;185;187;152;153
19;0;6;18;19;22;27;21;20;6;29;33;34;32;31;27
20;0;4;20;21;37;36;4;31;55;56;30
21;0;6;22;23;24;25;26;27;6;35;36;37;38;41;34
22;0;6;23;24;31;30;29;28;6;36;46;47;44;43;42
23;0;6;25;26;34;35;33;32;6;38;40;51;50;49;39
24;0;4;30;31;104;105;4;47;156;157;45
25;0;4;32;33;102;103;4;49;153;154;48
26;0;4;34;35;47;46;4;51;53;70;52
27;0;8;39;45;44;52;64;59;58;55;8;59;68;67;79;96;89;87;82
28;0;8;42;43;50;121;114;115;122;49;8;64;66;75;182;172;174;183;73
29;0;8;51;53;65;66;141;143;119;120;8;77;80;98;99;212;214;179;180
30;0;6;36;37;40;45;39;38;6;56;60;61;59;58;54
31;0;4;38;39;55;54;4;58;82;83;57
32;0;6;40;41;42;43;44;45;6;62;63;64;65;68;61
33;0;6;41;42;49;48;47;46;6;63;73;74;71;70;69
34;0;6;43;44;52;53;51;50;6;65;67;78;77;76;66
35;0;4;48;49;122;123;4;74;183;184;72
36;0;4;50;51;120;121;4;76;180;181;75
37;0;4;52;53;65;64;4;78;80;97;79
38;0;8;60;61;68;139;132;133;140;67;8;91;93;102;209;199;201;210;100
39;0;6;54;55;58;63;57;56;6;83;87;88;95;86;81
40;0;6;58;59;60;61;62;63;6;89;90;91;92;94;88
41;0;6;59;60;67;66;65;64;6;90;100;101;98;97;96
42;0;6;61;62;70;71;69;68;6;92;105;107;104;103;93
43;0;4;66;67;140;141;4;101;210;211;99
44;0;4;68;69;138;139;4;103;207;208;102
45;0;8;72;74;126;128;108;110;90;92;8;109;111;189;192;163;165;136;138
46;0;8;73;76;77;82;106;98;99;93;8;110;114;117;123;159;148;149;139
47;0;8;75;81;80;88;136;131;130;127;8;113;122;121;133;204;197;195;190
48;0;6;72;73;76;81;75;74;6;108;110;115;113;112;109
49;0;4;72;73;93;92;4;108;139;140;138
50;0;4;74;75;127;126;4;112;190;191;111
51;0;6;76;77;78;79;80;81;6;114;116;118;119;122;115
52;0;6;77;78;85;84;83;82;6;116;128;127;125;124;117
53;0;6;79;80;88;89;87;86;6;119;121;132;131;130;120
54;0;4;82;83;107;106;4;124;160;161;123
55;0;4;88;89;137;136;4;132;134;205;133
56;0;8;91;94;95;100;124;116;117;111;8;137;141;144;150;186;175;176;166
57;0;6;90;91;94;99;93;92;6;135;137;142;149;140;136
58;0;4;90;91;111;110;4;135;166;167;165
59;0;6;94;95;96;97;98;99;6;141;143;145;146;148;142
60;0;6;95;96;103;102;101;100;6;143;155;154;152;151;144
61;0;6;97;98;106;107;105;104;6;146;159;161;158;157;147
62;0;4;100;101;125;124;4;151;187;188;150
63;0;8;109;112;113;118;142;134;135;129;8;164;168;171;177;213;202;203;193
64;0;6;108;109;112;117;111;110;6;162;164;169;176;167;163
65;0;4;108;109;129;128;4;162;193;194;192
66;0;6;112;113;114;115;116;117;6;168;170;172;173;175;169
67;0;6;113;114;121;120;119;118;6;170;182;181;179;178;171
68;0;6;115;116;124;125;123;122;6;173;186;188;185;184;174
69;0;4;118;119;143;142;4;178;214;215;177
70;0;6;126;127;130;135;129;128;6;191;195;196;203;194;189
71;0;6;130;131;132;133;134;135;6;197;198;199;200;202;196
72;0;6;131;132;139;138;137;136;6;198;209;208;206;205;204
73;0;6;133;134;142;143;141;140;6;200;213;215;212;211;201
